-670.03842 0.00000 0.00000 1.00000 0.02474 22.78632
-646.22053 0.00000 0.00000 1.00000 0.03632 21.73737
-630.45842 0.00000 0.00000 1.00000 0.03368 21.11895
-618.05579 0.00000 0.00000 1.00000 0.03632 20.59579
-607.28000 0.00000 0.00000 1.00000 0.03632 20.10053
-597.43368 0.00000 0.00000 1.00000 0.04000 19.45053
-588.45158 0.00000 0.00000 1.00000 0.04000 18.62842
-580.36263 0.00000 0.00000 1.00000 0.05000 18.33000
-572.54158 0.00000 0.00000 1.00000 0.04000 17.86263
-565.21947 0.00000 0.00000 1.00000 0.05158 17.35579
-558.29842 0.00000 0.00000 1.00000 0.04158 16.76474
-551.73579 0.00000 0.00000 1.00000 0.05421 16.36947
-545.68421 0.00000 0.00000 1.00000 0.05526 15.90632
-539.42105 0.00000 0.00000 1.00000 0.06158 15.91474
-533.49947 0.00000 0.00000 1.00000 0.06789 15.24474
-527.94947 0.00000 0.00000 1.00000 0.06316 15.24000
-522.73421 0.00000 0.00000 1.00000 0.07263 14.89316
-517.56789 0.00000 0.00000 1.00000 0.05263 14.54579
-512.55368 0.00000 0.00000 1.00000 0.06421 14.27211
-507.64526 0.00000 0.00000 1.00000 0.05211 14.16579
-503.00105 0.00000 0.00000 1.00000 0.06684 13.50737
-498.42421 0.00000 0.00000 1.00000 0.06421 13.69684
-493.88053 0.00000 0.00000 1.00000 0.06316 13.21000
-489.41053 0.00000 0.00000 1.00000 0.07789 13.20842
-485.07105 0.00000 0.00053 0.99947 0.06684 12.97684
-480.81263 0.00000 0.00000 1.00000 0.07211 12.51105
-476.70579 0.00000 0.00000 1.00000 0.07421 12.43737
-472.71316 0.00000 0.00053 0.99947 0.07316 12.04474
-468.80895 0.00000 0.00053 0.99947 0.07158 12.32368
-465.01263 0.00000 0.00000 1.00000 0.09632 11.86632
-461.18737 0.00000 0.00000 1.00000 0.09579 11.57632
-457.30474 0.00000 0.00000 1.00000 0.07368 11.31737
-453.55211 0.00000 0.00000 1.00000 0.08263 11.12211
-449.92737 0.00000 0.00000 1.00000 0.07789 11.29737
-446.32105 0.00000 0.00000 1.00000 0.08579 10.72737
-442.70684 0.00000 0.00053 0.99947 0.09316 11.07895
-439.28053 0.00000 0.00000 1.00000 0.08263 10.40737
-435.79526 0.00000 0.00000 1.00000 0.09789 10.88421
-432.57053 0.00000 0.00000 1.00000 0.09053 10.51895
-429.32842 0.00053 0.00105 0.99842 0.09684 9.96842
-426.06316 0.00053 0.00000 0.99947 0.10316 10.11789
-422.85263 0.00000 0.00000 1.00000 0.09053 10.17263
-419.76895 0.00000 0.00105 0.99895 0.10105 9.86684
-416.65526 0.00000 0.00000 1.00000 0.09105 9.80053
-413.63526 0.00053 0.00000 0.99947 0.10316 9.56947
-410.57474 0.00000 0.00000 1.00000 0.10158 9.50158
-407.63842 0.00000 0.00105 0.99895 0.10526 9.44474
-404.75947 0.00053 0.00105 0.99842 0.11684 9.37579
-401.93263 0.00000 0.00158 0.99842 0.11737 8.92316
-399.08105 0.00000 0.00368 0.99632 0.11895 9.12105
-396.41526 0.00000 0.00105 0.99895 0.10632 9.09579
-393.74000 0.00000 0.00053 0.99947 0.10632 8.41211
-391.12842 0.00000 0.00053 0.99947 0.10947 8.79421
-388.54421 0.00000 0.00211 0.99789 0.12105 8.64421
-385.97474 0.00000 0.00263 0.99737 0.11632 8.29105
-383.45579 0.00000 0.00211 0.99789 0.11947 8.49632
-380.99368 0.00000 0.00105 0.99895 0.11211 8.18526
-378.68158 0.00000 0.00263 0.99737 0.12789 8.16368
-376.22947 0.00053 0.00263 0.99684 0.11421 8.24789
-374.02263 0.00000 0.00105 0.99895 0.13000 7.76474
-371.74947 0.00105 0.00053 0.99842 0.11632 7.53579
-369.43105 0.00053 0.00263 0.99684 0.12842 8.08211
-367.22684 0.00000 0.00158 0.99842 0.11000 7.93105
-365.09421 0.00000 0.00053 0.99947 0.12474 7.85316
-362.96263 0.00053 0.00158 0.99789 0.12526 7.62684
-360.85158 0.00000 0.00579 0.99421 0.13842 7.51947
-358.85895 0.00158 0.00316 0.99526 0.14737 7.50737
-356.82947 0.00000 0.00368 0.99632 0.13526 7.27053
-354.71000 0.00105 0.00263 0.99632 0.13895 7.33842
-352.69474 0.00053 0.00105 0.99842 0.13211 7.15316
-350.64421 0.00053 0.00368 0.99579 0.13895 7.14579
-348.60421 0.00105 0.00211 0.99684 0.14474 7.07737
-346.66842 0.00053 0.00421 0.99526 0.14421 7.00474
-344.71474 0.00105 0.00579 0.99316 0.13158 7.03737
-342.81263 0.00105 0.00579 0.99316 0.14105 6.96842
-340.91053 0.00105 0.00368 0.99526 0.14263 6.78947
-338.97895 0.00053 0.00579 0.99368 0.15316 6.82842
-337.05789 0.00053 0.00526 0.99421 0.14474 6.81947
-335.16316 0.00000 0.00579 0.99421 0.14526 6.60526
-333.35895 0.00105 0.00316 0.99579 0.16263 6.37053
-331.51474 0.00053 0.00263 0.99684 0.14579 6.60316
-329.70474 0.00158 0.00579 0.99263 0.15895 6.67526
-327.94895 0.00105 0.00842 0.99053 0.17158 6.60263
-326.24947 0.00158 0.00737 0.99105 0.15895 6.40263
-324.47737 0.00053 0.00526 0.99421 0.15158 6.25579
-322.74579 0.00105 0.00684 0.99211 0.15105 6.63000
-321.10263 0.00105 0.00684 0.99211 0.15263 6.36263
-319.47684 0.00105 0.00263 0.99632 0.16579 5.97842
-317.74158 0.00158 0.00684 0.99158 0.13632 6.57105
-316.09789 0.00158 0.00842 0.99000 0.15947 6.17421
-314.43895 0.00053 0.00211 0.99737 0.16474 5.73263
-312.63421 0.00053 0.00947 0.99000 0.15000 6.16263
-310.99421 0.00211 0.01053 0.98737 0.16368 6.23684
-309.41579 0.00053 0.00263 0.99684 0.16421 5.66158
-307.66421 0.00053 0.00842 0.99105 0.15316 6.26474
-306.20000 0.00158 0.00737 0.99105 0.16526 5.84789
-304.56789 0.00105 0.00526 0.99368 0.15211 5.90842
-302.97316 0.00263 0.01368 0.98368 0.17000 5.88421
-301.41632 0.00105 0.00684 0.99211 0.15684 5.57895
-299.87947 0.00105 0.01368 0.98526 0.16684 5.89474
-298.40684 0.00053 0.00789 0.99158 0.16579 5.40895
-296.77105 0.00263 0.01053 0.98684 0.16895 5.87579
-295.34737 0.00105 0.00632 0.99263 0.18684 5.30105
-293.65895 0.00158 0.01105 0.98737 0.15263 5.83000
-292.26211 0.00263 0.01789 0.97947 0.17158 5.40158
-290.60053 0.00158 0.00737 0.99105 0.16947 5.63474
-289.19368 0.00316 0.01474 0.98211 0.18105 5.37684
-287.62263 0.00211 0.00789 0.99000 0.17632 5.41579
-286.30421 0.00000 0.01158 0.98842 0.17789 5.09737
-284.71789 0.00368 0.01842 0.97789 0.16526 5.62000
-283.40737 0.00211 0.00579 0.99211 0.16421 5.13053
-281.92842 0.00474 0.01947 0.97579 0.16842 5.40000
-280.53368 0.00105 0.00947 0.98947 0.17474 5.11737
-279.22579 0.00316 0.02211 0.97474 0.21789 5.05474
-277.69737 0.00158 0.01105 0.98737 0.18158 5.51368
-276.42105 0.00105 0.00632 0.99263 0.18579 4.95632
-274.98579 0.00263 0.02105 0.97632 0.18053 5.27895
-273.56105 0.00263 0.00842 0.98895 0.17789 5.03684
-272.28842 0.00053 0.01316 0.98632 0.20263 4.87211
-270.79211 0.00684 0.02579 0.96737 0.18316 5.27842
-269.50211 0.00421 0.01947 0.97632 0.19316 4.82895
-268.18842 0.00316 0.02842 0.96842 0.19526 4.83526
-266.72158 0.00105 0.01368 0.98526 0.15368 5.11526
-265.47579 0.00316 0.01053 0.98632 0.18579 4.79895
-264.19211 0.00789 0.03211 0.96000 0.19895 4.70579
-262.68474 0.00421 0.01421 0.98158 0.16632 5.01895
-261.42421 0.00105 0.01263 0.98632 0.20053 4.66105
-260.14421 0.00421 0.03579 0.96000 0.19421 4.63947
-258.74000 0.00421 0.01368 0.98211 0.18737 4.99842
-257.50842 0.00211 0.01526 0.98263 0.19000 4.69211
-256.25579 0.00263 0.01579 0.98158 0.20421 4.44632
-254.86632 0.01105 0.04053 0.94842 0.20684 4.90368
-253.61579 0.00263 0.01895 0.97842 0.19263 4.59474
-252.41158 0.00105 0.01368 0.98526 0.20579 4.52316
-251.18158 0.01000 0.03947 0.95053 0.20421 4.44000
-249.78474 0.00526 0.01526 0.97947 0.19000 4.90526
-248.60263 0.00368 0.02211 0.97421 0.19737 4.47158
-247.38053 0.00263 0.01737 0.98000 0.20526 4.35789
-246.15105 0.00526 0.04000 0.95474 0.23421 4.32789
-244.76842 0.00368 0.02526 0.97105 0.19053 4.63579
-243.54947 0.00474 0.02053 0.97474 0.19789 4.37263
-242.32263 0.00421 0.02000 0.97579 0.20737 4.31632
-241.13211 0.00737 0.04263 0.95000 0.22684 4.18579
-239.83000 0.00421 0.01789 0.97789 0.17789 4.58632
-238.67000 0.00421 0.02579 0.97000 0.20211 4.28316
-237.50947 0.00526 0.02632 0.96842 0.20105 4.18368
-236.31526 0.00842 0.02474 0.96684 0.21421 4.18684
-235.09526 0.01263 0.05947 0.92789 0.23421 4.07263
-233.78000 0.00316 0.02316 0.97368 0.19211 4.46842
-232.62000 0.00368 0.03526 0.96105 0.22579 4.19105
-231.48158 0.00526 0.02737 0.96737 0.23789 4.16632
-230.29211 0.00526 0.02789 0.96684 0.22263 4.05368
-229.06421 0.00947 0.06737 0.92316 0.23316 4.07842
-227.78474 0.00789 0.03000 0.96211 0.21684 4.36000
-226.64421 0.00579 0.03316 0.96105 0.22737 4.10000
-225.52158 0.00842 0.02579 0.96579 0.21895 4.06158
-224.36316 0.00474 0.02842 0.96684 0.22368 4.03211
-223.24316 0.00737 0.04158 0.95105 0.25000 3.93526
-222.04368 0.01053 0.06421 0.92526 0.21000 3.99895
-220.82211 0.00474 0.04684 0.94842 0.21421 4.09053
-219.69579 0.00684 0.03526 0.95789 0.23000 4.06053
-218.58737 0.00789 0.03684 0.95526 0.23895 3.95105
-217.45684 0.00474 0.03474 0.96053 0.22211 3.92421
-216.38368 0.01263 0.03895 0.94842 0.24000 3.83105
-215.24263 0.01263 0.03895 0.94842 0.25211 3.83000
-214.14211 0.01000 0.06474 0.92526 0.23579 3.69368
-212.96526 0.01842 0.05684 0.92474 0.25000 3.90737
-211.82842 0.01000 0.04316 0.94684 0.24263 3.93158
-210.71737 0.00421 0.03684 0.95895 0.22579 3.83789
-209.62895 0.00842 0.03895 0.95263 0.22421 3.85684
-208.54211 0.00947 0.03526 0.95526 0.22526 3.75579
-207.44842 0.00895 0.04895 0.94211 0.24211 3.64789
-206.34158 0.00895 0.03947 0.95158 0.24737 3.71526
-205.22947 0.01000 0.03632 0.95368 0.25263 3.68368
-204.16842 0.00737 0.04737 0.94526 0.25632 3.70000
-203.10632 0.01000 0.05789 0.93211 0.25053 3.61421
-202.02789 0.02368 0.09105 0.88526 0.27158 3.39474
-200.91684 0.00842 0.04579 0.94579 0.23368 3.77737
-199.83632 0.00526 0.04263 0.95211 0.22526 3.69789
-198.74684 0.00842 0.04895 0.94263 0.23474 3.57105
-197.65947 0.01211 0.04737 0.94053 0.26421 3.66842
-196.65526 0.01421 0.05316 0.93263 0.24421 3.47263
-195.56842 0.01053 0.05737 0.93211 0.23737 3.55105
-194.53105 0.01579 0.06211 0.92211 0.27211 3.58316
-193.49105 0.00947 0.07000 0.92053 0.26316 3.44105
-192.40000 0.01368 0.04895 0.93737 0.24263 3.57684
-191.38158 0.01211 0.06368 0.92421 0.25316 3.44158
-190.28684 0.01158 0.05474 0.93368 0.25368 3.35316
-189.23158 0.01053 0.05158 0.93789 0.26316 3.41368
-188.21842 0.01737 0.05368 0.92895 0.26474 3.44895
-187.13158 0.00842 0.05579 0.93579 0.25211 3.34684
-186.10053 0.01000 0.05789 0.93211 0.27895 3.42000
-185.08474 0.01526 0.05474 0.93000 0.25158 3.37421
-184.07579 0.01526 0.08421 0.90053 0.27947 3.26158
-183.06263 0.01579 0.08842 0.89579 0.27947 3.25632
-182.04211 0.03000 0.09737 0.87263 0.30789 3.14474
-180.96526 0.01316 0.05684 0.93000 0.25632 3.33737
-179.99053 0.01421 0.07263 0.91316 0.26211 3.17368
-179.00000 0.01316 0.07579 0.91105 0.25474 3.24105
-178.00263 0.02474 0.06000 0.91526 0.27421 3.30368
-176.95737 0.01526 0.06579 0.91895 0.27579 3.33947
-175.92263 0.01211 0.06000 0.92789 0.23842 3.30158
-174.95211 0.01368 0.07842 0.90789 0.27211 3.10316
-173.94895 0.01895 0.07789 0.90316 0.28211 3.14632
-172.95263 0.01579 0.06421 0.92000 0.28368 3.20579
-172.00000 0.00947 0.07789 0.91263 0.25632 3.03737
-171.01053 0.02263 0.08895 0.88842 0.27895 3.02526
-170.00421 0.00421 0.06789 0.92789 0.25263 3.16158
-169.04474 0.02105 0.07053 0.90842 0.27632 3.11316
-168.05105 0.02579 0.03684 0.93737 0.27421 3.13526
-167.10737 0.02105 0.08632 0.89263 0.26789 3.04000
-166.13474 0.01895 0.07947 0.90158 0.28158 3.04526
-165.20105 0.02158 0.07158 0.90684 0.26684 3.03737
-164.22737 0.02053 0.08947 0.89000 0.29211 2.99684
-163.25053 0.02000 0.09053 0.88947 0.28579 3.03263
-162.32053 0.01789 0.08158 0.90053 0.26000 2.95947
-161.35211 0.01632 0.08474 0.89895 0.25263 2.96947
-160.35895 0.01737 0.07842 0.90421 0.31421 3.07526
-159.42579 0.02368 0.08789 0.88842 0.28579 2.98211
-158.49579 0.03211 0.09526 0.87263 0.31579 2.87368
-157.57579 0.02368 0.10211 0.87421 0.30579 2.90947
-156.60737 0.02789 0.08789 0.88421 0.28263 2.87947
-155.65211 0.03053 0.09211 0.87737 0.30737 2.85632
-154.71263 0.02737 0.09000 0.88263 0.31579 2.80684
-153.84211 0.02737 0.10474 0.86789 0.32947 2.79421
-152.95263 0.02842 0.10263 0.86895 0.31316 2.72263
-152.00000 0.00000 0.05526 0.94474 0.27684 2.89947
-151.07421 0.02895 0.04526 0.92579 0.28632 2.95789
-150.13579 0.02263 0.09737 0.88000 0.31947 2.82684
-149.19316 0.03368 0.10316 0.86316 0.31895 2.73158
-148.29421 0.03211 0.11579 0.85211 0.30895 2.76368
-147.44053 0.03579 0.10789 0.85632 0.32474 2.71000
-146.59632 0.04474 0.13526 0.82000 0.35526 2.59737
-145.74211 0.03105 0.12737 0.84158 0.32632 2.60474
-144.86053 0.03842 0.12316 0.83842 0.35158 2.64263
-143.98316 0.03474 0.12211 0.84316 0.34105 2.54263
-143.00000 0.00000 0.04737 0.95263 0.27105 2.86211
-142.11000 0.03684 0.07316 0.89000 0.32632 2.72895
-141.25421 0.03632 0.12211 0.84158 0.33842 2.64789
-140.42684 0.03632 0.13000 0.83368 0.34579 2.62105
-139.57579 0.04526 0.14842 0.80632 0.35421 2.52474
-138.72842 0.04000 0.13789 0.82211 0.34895 2.51526
-137.89211 0.03579 0.14000 0.82421 0.33263 2.54526
-137.00000 0.01211 0.11895 0.86895 0.31632 2.55579
-136.02316 0.02316 0.00000 0.97684 0.25158 2.82526
-135.20211 0.04158 0.13000 0.82842 0.35158 2.54526
-134.35632 0.04211 0.14105 0.81684 0.36632 2.50684
-133.49316 0.04368 0.13316 0.82316 0.35947 2.46579
-132.64895 0.04842 0.13053 0.82105 0.36474 2.46737
-131.81684 0.05684 0.14579 0.79737 0.37316 2.38316
-131.00000 0.01947 0.15368 0.82684 0.34579 2.38316
-130.02421 0.02421 0.01053 0.96526 0.31053 2.80474
-129.19263 0.04842 0.14421 0.80737 0.38737 2.42842
-128.42579 0.06053 0.16053 0.77895 0.40842 2.35000
-127.63053 0.05158 0.16000 0.78842 0.38895 2.38368
-126.80737 0.05105 0.14000 0.80895 0.38895 2.37632
-125.99263 0.05105 0.16000 0.78895 0.40632 2.25316
-125.00000 0.00000 0.01421 0.98579 0.28737 2.81684
-124.22263 0.07105 0.15158 0.77737 0.42474 2.35316
-123.44158 0.05632 0.16789 0.77579 0.40421 2.31474
-122.59526 0.06789 0.15684 0.77526 0.42947 2.31789
-121.79211 0.06579 0.18263 0.75158 0.41684 2.22737
-121.00000 0.00000 0.18526 0.81474 0.34947 2.30579
-120.06368 0.05789 0.00579 0.93632 0.34105 2.58895
-119.26316 0.06105 0.16053 0.77842 0.39474 2.26000
-118.50105 0.06842 0.19105 0.74053 0.45737 2.19368
-117.70368 0.05737 0.17263 0.77000 0.41158 2.30158
-116.98632 0.06368 0.20000 0.73632 0.44421 2.08053
-116.00000 0.00000 0.00000 1.00000 0.26895 2.69737
-115.29158 0.07579 0.19895 0.72526 0.45000 2.13368
-114.59368 0.07421 0.21263 0.71316 0.45526 2.13368
-113.85632 0.07579 0.19316 0.73105 0.45737 2.09579
-113.00000 0.00000 0.15211 0.84789 0.34105 2.32158
-112.11579 0.07842 0.03737 0.88421 0.40947 2.47263
-111.37737 0.06842 0.21526 0.71632 0.46684 2.15263
-110.67947 0.07053 0.21000 0.71947 0.47842 2.08421
-109.96684 0.08684 0.19842 0.71474 0.46842 1.96579
-109.00000 0.00000 0.03842 0.96158 0.31105 2.57474
-108.25579 0.09579 0.16000 0.74421 0.45737 2.11053
-107.58895 0.09316 0.20789 0.69895 0.48474 2.02105
-106.89421 0.08737 0.21105 0.70158 0.48000 2.00053
-106.00000 0.00000 0.09684 0.90316 0.32895 2.38211
-105.22211 0.09263 0.12947 0.77789 0.46579 2.21053
-104.60474 0.09316 0.25842 0.64842 0.50421 1.96474
-103.93526 0.09158 0.22368 0.68474 0.51526 1.91684
-103.00000 0.00000 0.08579 0.91421 0.32000 2.41105
-102.24263 0.09737 0.14526 0.75737 0.48316 2.10421
-101.54579 0.10316 0.22579 0.67105 0.51842 1.97000
-100.88368 0.09105 0.25158 0.65737 0.52526 1.89368
-100.00000 0.00000 0.11211 0.88789 0.35368 2.31263
-99.22263 0.10421 0.11842 0.77737 0.48526 2.10211
-98.51421 0.10158 0.23105 0.66737 0.51421 1.92895
-97.87895 0.10158 0.22947 0.66895 0.51684 1.91105
-97.00000 0.00000 0.12316 0.87684 0.34632 2.22263
-96.24737 0.11842 0.12895 0.75263 0.53474 2.06947
-95.58632 0.12000 0.21895 0.66105 0.54000 1.95000
-94.96579 0.11211 0.25684 0.63105 0.57000 1.78316
-94.00000 0.00000 0.02421 0.97579 0.31789 2.38158
-93.33842 0.11421 0.22421 0.66158 0.54000 1.85526
-92.70316 0.11579 0.27316 0.61105 0.55211 1.77053
-92.00000 0.02158 0.27737 0.70105 0.44105 1.86789
-91.09158 0.09158 0.00000 0.90842 0.45105 2.32789
-90.48368 0.13105 0.25842 0.61053 0.59211 1.77368
-89.90368 0.12368 0.29000 0.58632 0.60263 1.75000
-89.00000 0.00000 0.12684 0.87316 0.36579 2.23263
-88.26158 0.12105 0.14053 0.73842 0.53158 2.00421
-87.68579 0.13579 0.28737 0.57684 0.60579 1.71526
-87.00000 0.07474 0.26684 0.65842 0.52632 1.79263
-86.06737 0.06737 0.00000 0.93263 0.41000 2.28632
-85.41789 0.12105 0.29211 0.58684 0.57053 1.68474
-84.81789 0.15789 0.27526 0.56684 0.66842 1.65474
-84.00000 0.00000 0.17000 0.83000 0.38526 2.05474
-83.28947 0.15316 0.13632 0.71053 0.59737 1.93105
-82.67421 0.15211 0.28684 0.56105 0.63579 1.63789
-82.00000 0.05895 0.30000 0.64105 0.54158 1.81421
-81.08105 0.08105 0.00000 0.91895 0.44158 2.21316
-80.49263 0.16105 0.28000 0.55895 0.61579 1.60895
-79.95947 0.15895 0.32895 0.51211 0.65474 1.49947
-79.00000 0.00000 0.07158 0.92842 0.35895 2.27263
-78.39474 0.15421 0.24053 0.60526 0.61053 1.67579
-77.88316 0.16632 0.33211 0.50158 0.68263 1.48053
-77.00000 0.00000 0.13684 0.86316 0.37632 2.11105
-76.36526 0.17789 0.18737 0.63474 0.65579 1.77211
-75.82526 0.17105 0.31789 0.51105 0.69000 1.50526
-75.00000 0.00000 0.21632 0.78368 0.42632 2.01000
-74.29053 0.16579 0.12474 0.70947 0.60947 1.83474
-73.77684 0.18684 0.34158 0.47158 0.69421 1.40895
-73.00000 0.00000 0.22526 0.77474 0.43684 1.93789
-72.29316 0.17895 0.11421 0.70684 0.59947 1.82421
-71.77000 0.17895 0.34263 0.47842 0.70368 1.45053
-71.00000 0.00000 0.23842 0.76158 0.43842 1.91158
-70.30368 0.19895 0.10474 0.69632 0.64579 1.78263
-69.75105 0.18737 0.32789 0.48474 0.70421 1.40105
-69.00000 0.00000 0.32579 0.67421 0.47842 1.76211
-68.21842 0.19053 0.02789 0.78158 0.63474 1.94526
-67.73316 0.20316 0.35316 0.44368 0.75737 1.36158
-67.00000 0.00000 0.30789 0.69211 0.48263 1.81632
-66.24684 0.20316 0.04368 0.75316 0.63947 1.88632
-65.76895 0.22895 0.36895 0.40211 0.79632 1.28105
-65.00000 0.00000 0.28579 0.71421 0.45158 1.80158
-64.31053 0.21895 0.09158 0.68947 0.68684 1.78684
-63.84421 0.22579 0.37053 0.40368 0.78632 1.27474
-63.00000 0.00000 0.21947 0.78053 0.45789 1.96105
-62.38368 0.22789 0.15579 0.61632 0.72526 1.63211
-61.85789 0.20895 0.38737 0.40368 0.76526 1.29053
-61.00000 0.00000 0.18000 0.82000 0.42053 1.99579
-60.41526 0.21632 0.19895 0.58474 0.70211 1.57316
-59.98579 0.24158 0.38158 0.37684 0.83421 1.21684
-59.00000 0.00000 0.12263 0.87737 0.39842 2.03421
-58.51895 0.25737 0.26158 0.48105 0.80789 1.39632
-58.00000 0.17158 0.38684 0.44158 0.74895 1.36053
-57.08789 0.08789 0.00000 0.91211 0.50737 2.09263
-56.63316 0.23895 0.38684 0.37421 0.83368 1.19526
-56.00000 0.05105 0.42368 0.52526 0.59684 1.48263
-55.19947 0.19947 0.00000 0.80053 0.63316 1.86421
-54.72579 0.25895 0.38158 0.35947 0.85000 1.18895
-54.00000 0.00000 0.36737 0.63263 0.48105 1.65947
-53.30842 0.27684 0.03158 0.69158 0.73000 1.63737
-52.88263 0.26211 0.41053 0.32737 0.85263 1.11474
-52.00000 0.00000 0.21842 0.78158 0.41158 1.83947
-51.49474 0.28579 0.20895 0.50526 0.85947 1.39263
-51.00000 0.19526 0.41263 0.39211 0.81632 1.23842
-50.06895 0.06895 0.03368 0.89737 0.46579 2.03263
-49.65000 0.27684 0.37316 0.35000 0.88526 1.17158
-49.00000 0.00000 0.44053 0.55947 0.52263 1.51579
-48.30789 0.30737 0.00053 0.69211 0.83053 1.64211
-47.96158 0.29263 0.42895 0.27842 0.91842 1.02842
-47.00000 0.00000 0.15737 0.84263 0.40842 1.91158
-46.61684 0.32632 0.29053 0.38316 0.90579 1.19526
-46.00000 0.00000 0.42263 0.57737 0.54421 1.58737
-45.32316 0.30789 0.01526 0.67684 0.82000 1.61158
-45.00000 0.31053 0.45474 0.23474 0.96158 0.94789
-44.04737 0.04737 0.00000 0.95263 0.44211 2.06263
-43.85000 0.35158 0.48053 0.16789 1.02684 0.84158
-43.00000 0.00000 0.20474 0.79526 0.47895 1.87000
-42.61263 0.35211 0.26053 0.38737 0.96368 1.18684
-42.00000 0.00000 0.48053 0.51947 0.53053 1.46053
-41.41684 0.39053 0.02632 0.58316 0.92737 1.44053
-41.00000 0.17316 0.50526 0.32158 0.77737 1.12789
-40.20474 0.20474 0.00000 0.79526 0.65368 1.77789
-40.00000 0.32789 0.50895 0.16316 1.01368 0.86158
-39.07368 0.07368 0.00000 0.92632 0.50053 2.01526
-38.93421 0.39211 0.51842 0.08947 1.13053 0.75737
-38.00000 0.00000 0.09316 0.90684 0.40421 2.01053
-37.83263 0.41211 0.42053 0.16737 1.13000 0.83789
-37.00000 0.00000 0.20737 0.79263 0.47947 1.85421
-36.73158 0.39474 0.33684 0.26842 1.07000 0.99105
-36.00000 0.00000 0.30211 0.69789 0.50421 1.70211
-35.67263 0.43316 0.23947 0.32737 1.08000 1.06632
-35.00000 0.00000 0.32368 0.67632 0.49053 1.66368
-34.65158 0.42632 0.22526 0.34842 1.07737 1.09316
-34.00000 0.00000 0.38737 0.61263 0.54211 1.58368
-33.65053 0.46789 0.18263 0.34947 1.06789 1.02263
-33.00000 0.00000 0.31474 0.68526 0.49842 1.66211
-32.69684 0.45316 0.24368 0.30316 1.12053 1.00263
-32.00000 0.00000 0.33105 0.66895 0.50263 1.61000
-31.74211 0.47105 0.27105 0.25789 1.18105 0.96947
-31.00000 0.00000 0.30316 0.69684 0.51684 1.68579
-30.76368 0.50158 0.26211 0.23632 1.16000 0.87158
-30.00000 0.00000 0.23737 0.76263 0.47684 1.76368
-29.87053 0.50632 0.36421 0.12947 1.22000 0.74211
-29.00000 0.00000 0.14632 0.85368 0.44421 1.85000
-29.00000 0.52421 0.47579 0.00000 1.31842 0.57579
-28.02421 0.02421 0.00000 0.97579 0.42632 2.03263
-28.00000 0.32421 0.61263 0.06316 1.04000 0.67368
-27.19895 0.19895 0.00000 0.80105 0.66947 1.74053
-27.00000 0.17789 0.61684 0.20526 0.87684 0.94947
-26.37053 0.37053 0.00000 0.62947 0.92842 1.45000
-26.00000 0.04526 0.62263 0.33211 0.68421 1.17684
-25.51684 0.51684 0.00000 0.48316 1.14000 1.21211
-25.00000 0.00000 0.47842 0.52158 0.55947 1.42053
-24.71737 0.57579 0.14158 0.28263 1.23632 0.89000
-24.00000 0.00000 0.29053 0.70947 0.48684 1.65789
-23.94632 0.60526 0.34105 0.05368 1.38526 0.60158
-23.00000 0.00000 0.03421 0.96579 0.40316 1.95737
-23.00000 0.36158 0.63842 0.00000 1.18368 0.63474
-22.25737 0.25737 0.00000 0.74263 0.78632 1.66000
-22.00000 0.06000 0.67947 0.26053 0.73000 1.06842
-21.53947 0.53947 0.00000 0.46053 1.17053 1.14474
-21.00000 0.00000 0.49211 0.50789 0.59737 1.42368
-20.74316 0.61316 0.13000 0.25684 1.34211 0.87579
-20.00000 0.00000 0.17263 0.82737 0.46105 1.85000
-20.00000 0.41737 0.58263 0.00000 1.20579 0.60421
-19.26368 0.26368 0.00000 0.73632 0.77526 1.55737
-19.00000 0.00000 0.59895 0.40105 0.59632 1.27316
-18.89684 0.73684 0.16000 0.10316 1.53474 0.63526
-18.00000 0.00000 0.00000 1.00000 0.39316 2.01263
-18.00000 0.14579 0.79842 0.05579 0.92263 0.81579
-17.60000 0.60000 0.00000 0.40000 1.31368 1.07684
-17.00000 0.00000 0.17526 0.82474 0.47316 1.82105
-17.00000 0.30211 0.69789 0.00000 1.12105 0.67000
-16.52789 0.52789 0.00000 0.47211 1.16263 1.17053
-16.00000 0.00000 0.22474 0.77526 0.46474 1.72526
-16.00000 0.31526 0.68474 0.00000 1.09211 0.62842
-15.60789 0.60789 0.00000 0.39211 1.27632 1.03632
-15.00000 0.00000 0.08737 0.91263 0.44842 1.90737
-15.00000 0.15158 0.84842 0.00000 0.91211 0.68947
-14.77158 0.77158 0.00000 0.22842 1.54053 0.80842
-14.00000 0.00000 0.00000 1.00000 0.37211 1.99105
-14.00000 0.00000 0.90421 0.09579 0.74474 0.90053
-14.00000 0.93579 0.06421 0.00000 1.78474 0.44368
-13.09000 0.09000 0.00000 0.91000 0.54263 1.85000
-13.00000 0.00000 0.50053 0.49947 0.57421 1.36316
-13.00000 0.45105 0.54895 0.00000 1.28526 0.59368
-12.59737 0.59737 0.00000 0.40263 1.29947 1.02842
-12.00000 0.00000 0.00000 1.00000 0.40105 1.98632
-12.00000 0.00000 0.96632 0.03368 0.78789 0.84316
-12.00000 0.86632 0.13368 0.00000 1.72421 0.46474
-11.22053 0.22053 0.00000 0.77947 0.72421 1.61158
-11.00000 0.00000 0.28842 0.71158 0.51789 1.65053
-11.00000 0.16684 0.83316 0.00000 0.97579 0.72684
-11.00000 1.00000 0.00000 0.00000 1.88316 0.38632
-10.01737 0.01737 0.00000 0.98263 0.43211 1.94474
-10.00000 0.00000 0.49842 0.50158 0.60000 1.40895
-10.00000 0.32158 0.67842 0.00000 1.11789 0.64105
-9.93737 0.93737 0.00000 0.06263 1.89105 0.53684
-9.00000 0.00000 0.00000 1.00000 0.37105 1.95684
-9.00000 0.00000 0.51632 0.48368 0.60105 1.38421
-9.00000 0.33526 0.66474 0.00000 1.14737 0.66211
-8.98895 0.98895 0.00000 0.01105 1.92105 0.42579
-8.00000 0.00000 0.00000 1.00000 0.39526 2.00895
-8.00000 0.00000 0.42316 0.57684 0.55632 1.49263
-8.00000 0.20895 0.79105 0.00000 1.00684 0.70737
-8.00000 1.00000 0.00000 0.00000 1.90842 0.40263
-7.10263 0.10263 0.00000 0.89737 0.58684 1.84474
-7.00000 0.00000 0.24947 0.75053 0.49000 1.67316
-7.00000 0.00000 1.00000 0.00000 0.76474 0.76474
-7.00000 0.97211 0.02789 0.00000 1.88842 0.43737
-6.46947 0.46947 0.00000 0.53053 1.16632 1.24263
-6.00000 0.00000 0.00000 1.00000 0.43421 1.96421
-6.00000 0.00000 0.82158 0.17842 0.72000 0.98579
-6.00000 0.45263 0.54737 0.00000 1.31474 0.61053
-6.00000 1.00000 0.00000 0.00000 1.93474 0.41789
-5.06789 0.06789 0.00000 0.93211 0.52105 1.85842
-5.00000 0.00000 0.21263 0.78737 0.48632 1.73526
-5.00000 0.00000 1.00000 0.00000 0.79211 0.79211
-5.00000 0.83842 0.16158 0.00000 1.77632 0.48842
-4.74789 0.74789 0.00000 0.25211 1.56421 0.79368
-4.00000 0.00000 0.00000 1.00000 0.39211 1.92421
-4.00000 0.00000 0.55000 0.45000 0.59579 1.28421
-4.00000 0.14526 0.85474 0.00000 0.90842 0.70211
-4.00000 1.00000 0.00000 0.00000 1.93421 0.40000
-3.45737 0.45737 0.00000 0.54263 1.16421 1.27158
-3.00000 0.00000 0.00000 1.00000 0.40579 1.95947
-3.00000 0.00000 0.74789 0.25211 0.66316 1.07421
-3.00000 0.28263 0.71737 0.00000 1.11526 0.67895
-3.00000 1.00000 0.00000 0.00000 1.92263 0.39263
-2.38737 0.38737 0.00000 0.61263 1.00526 1.35000
-2.00000 0.00000 0.00000 1.00000 0.40263 1.94000
-2.00000 0.00000 0.85737 0.14263 0.70158 0.93684
-2.00000 0.32526 0.67474 0.00000 1.13684 0.65737
-2.00000 1.00000 0.00000 0.00000 1.96684 0.41789
-1.40053 0.40053 0.00000 0.59947 1.02000 1.32789
-1.00000 0.00000 0.00000 1.00000 0.41895 1.92789
-1.00000 0.00000 0.79263 0.20737 0.70263 1.01421
-1.00000 0.20000 0.80000 0.00000 1.03421 0.71947
-1.00000 1.00000 0.00000 0.00000 1.91737 0.41158
-0.57421 0.57421 0.00000 0.42579 1.32316 1.10579
0.00000 0.00000 0.00000 1.00000 0.41789 1.95158
0.00000 0.00000 0.54211 0.45789 0.58421 1.28684
0.00000 0.00000 1.00000 0.00000 0.79368 0.79368
0.00000 0.93632 0.06368 0.00000 1.85368 0.43000
0.07263 0.92737 0.00000 0.07263 1.83579 0.52737
1.00000 0.00000 0.00000 1.00000 0.41105 1.93368
1.00000 0.00000 0.26789 0.73211 0.54421 1.65737
1.00000 0.00000 1.00000 0.00000 0.75632 0.75632
1.00000 0.69632 0.30368 0.00000 1.59000 0.50947
1.00000 1.00000 0.00000 0.00000 1.95789 0.41263
1.86316 0.13684 0.00000 0.86316 0.61474 1.71632
2.00000 0.00000 0.15368 0.84632 0.45579 1.77263
2.00000 0.00000 1.00000 0.00000 0.75105 0.75105
2.00000 0.63579 0.36421 0.00000 1.51579 0.54526
2.00000 1.00000 0.00000 0.00000 1.93368 0.40737
2.81526 0.18474 0.00000 0.81526 0.70632 1.66053
3.00000 0.00000 0.16579 0.83421 0.46895 1.76105
3.00000 0.00000 1.00000 0.00000 0.73263 0.73263
3.00000 0.66211 0.33789 0.00000 1.57789 0.55000
3.00000 1.00000 0.00000 0.00000 1.97737 0.41842
3.83263 0.16737 0.00000 0.83263 0.66316 1.68737
4.00000 0.00000 0.24474 0.75526 0.50474 1.64263
4.00000 0.00000 1.00000 0.00000 0.77158 0.77158
4.00000 0.82105 0.17895 0.00000 1.75368 0.45789
4.04211 0.95789 0.00000 0.04211 1.92737 0.46421
5.00000 0.00000 0.00000 1.00000 0.40632 1.93842
5.00000 0.00000 0.54947 0.45053 0.59947 1.28526
5.00000 0.14158 0.85842 0.00000 0.90368 0.68842
5.00000 1.00000 0.00000 0.00000 1.96737 0.40000
5.42474 0.57526 0.00000 0.42474 1.31474 1.04211
6.00000 0.00000 0.00000 1.00000 0.38474 1.90579
6.00000 0.00000 0.91947 0.08053 0.71211 0.82579
6.00000 0.59000 0.41000 0.00000 1.54368 0.58105
6.00000 1.00000 0.00000 0.00000 1.96684 0.39842
6.89000 0.11000 0.00000 0.89000 0.61000 1.78105
7.00000 0.00000 0.42842 0.57158 0.56263 1.44105
7.00000 0.10895 0.89105 0.00000 0.91105 0.74263
7.00000 1.00000 0.00000 0.00000 1.96895 0.39737
7.44684 0.55316 0.00000 0.44684 1.28842 1.08789
8.00000 0.00000 0.10579 0.89421 0.47263 1.83579
8.00000 0.00000 1.00000 0.00000 0.75842 0.75842
8.00000 0.84105 0.15895 0.00000 1.81632 0.47316
8.24000 0.76000 0.00000 0.24000 1.63053 0.76947
9.00000 0.00000 0.00000 1.00000 0.42158 1.92053
9.00000 0.00000 0.96368 0.03632 0.72684 0.78316
9.00000 0.72895 0.27105 0.00000 1.65316 0.51105
9.11000 0.89000 0.00000 0.11000 1.84158 0.58105
10.00000 0.00000 0.00000 1.00000 0.41526 1.89737
10.00000 0.00000 0.84316 0.15684 0.72474 0.95316
10.00000 0.66895 0.33105 0.00000 1.64316 0.55000
10.12895 0.87105 0.00000 0.12895 1.79263 0.59316
11.00000 0.00000 0.00000 1.00000 0.41105 1.89053
11.00000 0.00000 0.92684 0.07316 0.72526 0.83211
11.00000 0.78842 0.21158 0.00000 1.72474 0.47474
11.32000 0.68000 0.00000 0.32000 1.48632 0.88842
12.00000 0.00000 0.20737 0.79263 0.48053 1.66684
12.00000 0.14684 0.85316 0.00000 0.93421 0.71684
12.00000 1.00000 0.00000 0.00000 1.99579 0.40105
12.70789 0.29211 0.00000 0.70789 0.89684 1.47316
13.00000 0.00000 0.64158 0.35842 0.62632 1.17526
13.00000 0.59632 0.40368 0.00000 1.49895 0.54526
13.20684 0.79316 0.00000 0.20684 1.69684 0.72000
14.00000 0.00000 0.23263 0.76737 0.51579 1.65684
14.00000 0.25789 0.74211 0.00000 1.10158 0.67789
14.00000 1.00000 0.00000 0.00000 1.95789 0.41000
14.90158 0.09842 0.00000 0.90158 0.58474 1.74105
15.00000 0.03842 0.95105 0.01053 0.83474 0.78947
15.00000 1.00000 0.00000 0.00000 2.00789 0.38632
15.74211 0.25789 0.00000 0.74211 0.82000 1.49158
16.00000 0.00000 0.84947 0.15053 0.72263 0.94474
16.00000 0.92211 0.07789 0.00000 1.88421 0.42737
16.67632 0.32368 0.00000 0.67632 0.97000 1.41895
17.00000 0.00000 0.85263 0.14737 0.71684 0.94474
17.00000 0.96000 0.04000 0.00000 1.98263 0.41789
17.78105 0.21895 0.00632 0.77474 0.77632 1.54368
18.00000 0.17947 0.82053 0.00000 1.00579 0.69842
18.00789 0.99211 0.00000 0.00789 2.00895 0.40789
19.00000 0.00000 0.27211 0.72789 0.50368 1.54053
19.00000 0.50789 0.49211 0.00000 1.38053 0.55211
19.40842 0.59158 0.00000 0.40842 1.35474 1.00474
20.00000 0.00000 0.73737 0.26263 0.67947 1.05684
20.00000 0.99053 0.00947 0.00000 1.96895 0.40053
20.92579 0.07421 0.27158 0.65421 0.65000 1.48158
21.00000 0.60053 0.39947 0.00000 1.53263 0.53632
21.62105 0.37895 0.02105 0.60000 1.04737 1.32579
22.00000 0.34368 0.65632 0.00000 1.20053 0.62263
22.32105 0.67895 0.00000 0.32105 1.53053 0.86632
23.00000 0.06211 0.66263 0.27526 0.72421 1.01000
23.06947 0.93053 0.00000 0.06947 1.97368 0.50053
24.00000 0.00000 0.46579 0.53421 0.57526 1.36053
24.00000 0.83895 0.16105 0.00000 1.84737 0.44632
24.81684 0.18316 0.22947 0.58737 0.81000 1.34737
25.00000 0.58368 0.41632 0.00000 1.51000 0.54211
25.59053 0.40947 0.02789 0.56263 1.11316 1.23579
26.00000 0.40000 0.60000 0.00000 1.26684 0.59579
26.39421 0.60579 0.00000 0.39421 1.38895 0.96895
27.00000 0.23000 0.61421 0.15579 1.02316 0.85474
27.24684 0.75316 0.00000 0.24684 1.66105 0.76947
28.00000 0.16053 0.57000 0.26947 0.88947 1.00789
28.16789 0.83211 0.00000 0.16789 1.81895 0.61842
29.00000 0.05737 0.59684 0.34579 0.76263 1.17579
29.08737 0.91263 0.00000 0.08737 1.95316 0.51105
30.00000 0.00000 0.57474 0.42526 0.62474 1.25105
30.03368 0.95105 0.01526 0.03368 2.01421 0.42684
31.00000 0.00000 0.53053 0.46947 0.57105 1.22526
31.00000 0.91947 0.08053 0.00000 1.97105 0.41526
31.93053 0.06947 0.44947 0.48105 0.68947 1.25053
32.00000 0.81474 0.18526 0.00000 1.83632 0.45053
32.83684 0.16316 0.37158 0.46526 0.83474 1.18316
33.00000 0.82895 0.17105 0.00000 1.83947 0.41526
33.81000 0.19000 0.31947 0.49053 0.85789 1.21000
34.00000 0.78526 0.21474 0.00000 1.83684 0.46105
34.80842 0.19158 0.35316 0.45526 0.85526 1.16526
35.00000 0.79368 0.20632 0.00000 1.82579 0.44842
35.81684 0.18316 0.36211 0.45474 0.83474 1.17000
36.00000 0.80684 0.19316 0.00000 1.83842 0.42842
36.81947 0.18053 0.38684 0.43263 0.83737 1.14421
37.00000 0.85895 0.14105 0.00000 1.94316 0.43526
37.86526 0.13474 0.44474 0.42053 0.78632 1.13316
38.00000 0.91842 0.08158 0.00000 1.99211 0.40842
38.97000 0.10474 0.50526 0.39000 0.76632 1.09789
39.14211 0.85789 0.00000 0.14211 1.88000 0.58000
40.00000 0.29368 0.47158 0.23474 1.09263 0.88053
40.33053 0.66947 0.00000 0.33053 1.52579 0.81895
41.00000 0.44368 0.50684 0.04947 1.34105 0.62895
41.49842 0.50158 0.15211 0.34632 1.32053 0.91263
42.00000 0.65316 0.34684 0.00000 1.60526 0.47737
42.69000 0.31000 0.34105 0.34895 1.05421 0.98368
43.00000 0.84211 0.15789 0.00000 1.91737 0.44211
43.95579 0.21789 0.45421 0.32789 0.94211 1.00421
44.23211 0.76789 0.00000 0.23211 1.76421 0.71737
45.00000 0.45632 0.46263 0.08105 1.35526 0.65579
45.51000 0.49000 0.17737 0.33263 1.29368 0.90316
46.00000 0.73526 0.26474 0.00000 1.76474 0.48421
46.82211 0.19526 0.47368 0.33105 0.91737 1.03158
47.09579 0.90421 0.00000 0.09579 2.00526 0.50474
48.00000 0.32105 0.43000 0.24895 1.12684 0.88947
48.43316 0.56684 0.12263 0.31053 1.45737 0.86158
49.00000 0.69474 0.30526 0.00000 1.73421 0.47316
49.79684 0.34368 0.38053 0.27579 1.15737 0.90263
50.24263 0.75737 0.00000 0.24263 1.72684 0.69474
51.00000 0.53211 0.43737 0.03053 1.52316 0.57579
51.62105 0.37895 0.33211 0.28895 1.19737 0.90684
52.04000 0.87000 0.09000 0.04000 1.98211 0.43789
53.00000 0.34789 0.41842 0.23368 1.19000 0.81789
53.43316 0.56684 0.18632 0.24684 1.45737 0.75737
54.00000 0.78789 0.21211 0.00000 1.93316 0.43579
54.91211 0.33842 0.40421 0.25737 1.16684 0.87895
55.33579 0.66421 0.09368 0.24211 1.66105 0.74579
56.00000 0.70105 0.29895 0.00000 1.79947 0.47895
56.81789 0.37789 0.38526 0.23684 1.24000 0.82316
57.31842 0.68158 0.07684 0.24158 1.67789 0.75789
58.00000 0.65316 0.34684 0.00000 1.74789 0.47105
58.73737 0.37737 0.38789 0.23474 1.21684 0.83421
59.19684 0.80316 0.00000 0.19684 1.86526 0.63158
60.00000 0.60211 0.37316 0.02474 1.64684 0.50842
60.71474 0.40789 0.36842 0.22368 1.28789 0.81000
61.19368 0.80632 0.00000 0.19368 1.89000 0.62526
62.00000 0.59421 0.37632 0.02947 1.64368 0.53579
62.67526 0.40263 0.36474 0.23263 1.26789 0.80789
63.08947 0.91053 0.00000 0.08947 2.07632 0.46526
64.00000 0.51579 0.35053 0.13368 1.48947 0.65579
64.58842 0.41158 0.37632 0.21211 1.28263 0.79316
65.08526 0.91000 0.00474 0.08526 2.11526 0.44737
66.00000 0.51316 0.37421 0.11263 1.55158 0.63684
66.58526 0.45158 0.33947 0.20895 1.35421 0.75789
67.06158 0.93842 0.00000 0.06158 2.12421 0.41000
68.00000 0.51737 0.35895 0.12368 1.56316 0.66000
68.56526 0.44789 0.34421 0.20789 1.34158 0.76368
69.07579 0.92421 0.00000 0.07579 2.17632 0.45316
70.00000 0.54316 0.34263 0.11421 1.56526 0.59737
70.59421 0.45421 0.34737 0.19842 1.36211 0.72474
71.09211 0.90789 0.00000 0.09211 2.15737 0.48632
72.00000 0.54053 0.35737 0.10211 1.57158 0.63526
72.60421 0.46316 0.35737 0.17947 1.40842 0.72263
73.11684 0.88316 0.00000 0.11684 2.08421 0.47211
74.00000 0.57158 0.36158 0.06684 1.66579 0.57632
74.59263 0.51421 0.31684 0.16895 1.52789 0.67737
75.15263 0.84737 0.00000 0.15263 1.99368 0.53105
76.00000 0.67105 0.31316 0.01579 1.84632 0.48526
76.73053 0.51579 0.31211 0.17211 1.50632 0.67368
77.29421 0.70579 0.13158 0.16263 1.83053 0.60842
78.00000 0.82000 0.18000 0.00000 2.11737 0.38842
78.84579 0.55579 0.28368 0.16053 1.59211 0.63211
79.41158 0.58842 0.25684 0.15474 1.64579 0.66000
80.00000 0.95842 0.04158 0.00000 2.32421 0.32579
80.97316 0.53579 0.30263 0.16158 1.62684 0.64789
81.53474 0.52632 0.31684 0.15684 1.55316 0.67316
82.06895 0.93105 0.00000 0.06895 2.23158 0.41105
83.00000 0.65000 0.29000 0.06000 1.84263 0.51421
83.69632 0.55053 0.29526 0.15421 1.62842 0.63474
84.28421 0.71579 0.14526 0.13895 1.88211 0.59526
85.00000 0.83263 0.16737 0.00000 2.17368 0.37684
85.87368 0.57684 0.27105 0.15211 1.69158 0.65737
86.48526 0.59474 0.28211 0.12316 1.71263 0.61211
87.13421 0.86579 0.00368 0.13053 2.14000 0.50474
88.00000 0.74105 0.25895 0.00000 2.05895 0.40053
88.70211 0.58211 0.28789 0.13000 1.72368 0.61579
89.30421 0.69579 0.18368 0.12053 1.83474 0.58789
90.00000 0.91053 0.08947 0.00000 2.35579 0.34842
90.91211 0.57842 0.29105 0.13053 1.68895 0.59579
91.48789 0.60526 0.27000 0.12474 1.71158 0.57316
92.13474 0.86526 0.01421 0.12053 2.13000 0.48579
93.00000 0.75316 0.24684 0.00000 2.09000 0.42579
93.77474 0.61053 0.26316 0.12632 1.77789 0.58737
94.37737 0.62947 0.26211 0.10842 1.74211 0.56316
95.03211 0.96789 0.00000 0.03211 2.44474 0.37105
96.00000 0.67632 0.24842 0.07526 1.94053 0.48474
96.69632 0.65105 0.24632 0.10263 1.86526 0.55368
97.36684 0.64526 0.25000 0.10474 1.83579 0.58000
98.00632 0.99368 0.00000 0.00632 2.51895 0.32000
99.00000 0.67316 0.24105 0.08579 1.95579 0.52105
99.66421 0.66789 0.23263 0.09947 1.90000 0.50632
100.33579 0.66421 0.23105 0.10474 1.85421 0.54000
101.00947 0.96105 0.02947 0.00947 2.45368 0.31421
102.00000 0.69421 0.21474 0.09105 2.01737 0.54053
102.71947 0.66263 0.24579 0.09158 1.90684 0.51579
103.37789 0.67579 0.23053 0.09368 1.93316 0.51684
104.04368 0.95632 0.00000 0.04368 2.44947 0.36737
105.00000 0.72579 0.22526 0.04895 2.09895 0.44737
105.69632 0.69053 0.22105 0.08842 1.96263 0.48105
106.37105 0.69000 0.22684 0.08316 1.98526 0.50474
107.11632 0.88368 0.02947 0.08684 2.36632 0.42158
108.00000 0.81842 0.18158 0.00000 2.29105 0.36421
108.82474 0.71053 0.21105 0.07842 2.08421 0.46737
109.52842 0.72263 0.19789 0.07947 2.09947 0.45316
110.28842 0.71947 0.19789 0.08263 1.98263 0.46316
111.01053 0.98947 0.00000 0.01053 2.66053 0.31474
112.00000 0.72579 0.21000 0.06421 2.14684 0.43211
112.75526 0.74000 0.18632 0.07368 2.16000 0.46263
113.52053 0.73105 0.19684 0.07211 2.12737 0.44526
114.26053 0.73947 0.18474 0.07579 2.04158 0.45789
115.00000 0.98579 0.01421 0.00000 2.70000 0.28263
115.96947 0.74421 0.18316 0.07263 2.24105 0.43632
116.69579 0.75789 0.17316 0.06895 2.21947 0.43316
117.44684 0.72947 0.20158 0.06895 2.13895 0.45684
118.21000 0.79000 0.15474 0.05526 2.21316 0.40737
119.00000 0.96895 0.03105 0.00000 2.69789 0.28737
119.93842 0.74474 0.17842 0.07684 2.26000 0.46316
120.66632 0.76368 0.16842 0.06789 2.33368 0.43368
121.42526 0.74316 0.19526 0.06158 2.21842 0.45526
122.16211 0.83789 0.10789 0.05421 2.36158 0.39421
123.00000 0.93421 0.06579 0.00000 2.70474 0.28947
123.93526 0.77579 0.17263 0.05158 2.29947 0.39526
124.71158 0.76579 0.18579 0.04842 2.29789 0.40684
125.47263 0.77474 0.16474 0.06053 2.31684 0.41632
126.30737 0.75158 0.18842 0.06000 2.21579 0.43526
127.03789 0.96211 0.00000 0.03789 2.65737 0.34053
128.00000 0.82263 0.16684 0.01053 2.46895 0.34316
128.84579 0.80053 0.14789 0.05158 2.46526 0.39368
129.64000 0.79368 0.15526 0.05105 2.43632 0.37474
130.41105 0.81263 0.14316 0.04421 2.42105 0.37737
131.24474 0.78316 0.16211 0.05474 2.29421 0.40789
132.05316 0.94684 0.00211 0.05105 2.71421 0.32316
133.00000 0.86211 0.13789 0.00000 2.60053 0.31421
133.88368 0.82474 0.13474 0.04053 2.55474 0.37000
134.73895 0.82895 0.12684 0.04421 2.49895 0.35737
135.59895 0.82421 0.13526 0.04053 2.53263 0.34421
136.43000 0.82474 0.13947 0.03579 2.48158 0.34684
137.27105 0.83316 0.13211 0.03474 2.54474 0.37263
138.11368 0.88632 0.07053 0.04316 2.57158 0.34526
139.00000 0.94895 0.05105 0.00000 2.85579 0.26579
139.92211 0.82211 0.13737 0.04053 2.60895 0.35158
140.73632 0.82526 0.14158 0.03316 2.53842 0.34105
141.59263 0.83105 0.12474 0.04421 2.62474 0.36947
142.45895 0.82368 0.13316 0.04316 2.53368 0.33263
143.31158 0.84421 0.11789 0.03789 2.63632 0.32474
144.19789 0.84316 0.11684 0.04000 2.60316 0.35579
145.01632 0.98368 0.00000 0.01632 2.91947 0.25474
146.00000 0.86316 0.11158 0.02526 2.76053 0.31368
146.91368 0.83579 0.12947 0.03474 2.67053 0.34421
147.70474 0.84842 0.12158 0.03000 2.81474 0.32263
148.54526 0.84526 0.12474 0.03000 2.71947 0.32211
149.43842 0.85474 0.11158 0.03368 2.75947 0.33632
150.32368 0.86105 0.10684 0.03211 2.67579 0.31579
151.25579 0.86684 0.10053 0.03263 2.75263 0.30947
152.15053 0.84947 0.12158 0.02895 2.69316 0.32579
153.02947 0.96579 0.00474 0.02947 3.03526 0.26263
154.00000 0.90105 0.09632 0.00263 2.95474 0.28737
154.96368 0.86632 0.10526 0.02842 2.82632 0.30632
155.85632 0.86053 0.10789 0.03158 2.81000 0.32947
156.78947 0.87316 0.09632 0.03053 2.90368 0.31211
157.70737 0.88053 0.09579 0.02368 2.91526 0.28842
158.63579 0.87053 0.10158 0.02789 2.90632 0.29368
159.57632 0.88895 0.08947 0.02158 2.92579 0.29053
160.51105 0.89158 0.08842 0.02000 2.89105 0.30105
161.47316 0.88421 0.09263 0.02316 2.96789 0.29421
162.43053 0.88211 0.09789 0.02000 2.88158 0.26579
163.38316 0.89579 0.07947 0.02474 2.98263 0.29789
164.37632 0.90105 0.07684 0.02211 3.00737 0.27579
165.32053 0.89368 0.08947 0.01684 3.03211 0.27474
166.31895 0.89526 0.08211 0.02263 3.03842 0.30316
167.29474 0.91211 0.06895 0.01895 3.09474 0.28789
168.30737 0.89053 0.08684 0.02263 3.00053 0.30368
169.28000 0.90632 0.07158 0.02211 3.07211 0.27684
170.30158 0.89158 0.08474 0.02368 3.05105 0.29211
171.26789 0.90737 0.07368 0.01895 3.12789 0.29789
172.25000 0.90421 0.07895 0.01684 3.12105 0.26368
173.25895 0.91526 0.07158 0.01316 3.17211 0.26474
174.25316 0.90263 0.07947 0.01789 3.16421 0.27842
175.26368 0.91053 0.07053 0.01895 3.20000 0.28000
176.28632 0.90737 0.07579 0.01684 3.19526 0.27000
177.29789 0.91895 0.06526 0.01579 3.21842 0.25211
178.29579 0.92053 0.06842 0.01105 3.18789 0.27421
179.32842 0.91526 0.06421 0.02053 3.21842 0.27842
180.32632 0.91737 0.06421 0.01842 3.23053 0.25842
181.35474 0.91421 0.06579 0.02000 3.32211 0.29474
182.35789 0.92789 0.05684 0.01526 3.35316 0.26526
183.38579 0.92474 0.06526 0.01000 3.26842 0.25895
184.45211 0.93368 0.05947 0.00684 3.38842 0.25684
185.49368 0.92895 0.05526 0.01579 3.35579 0.26737
186.51632 0.92526 0.05842 0.01632 3.35684 0.25526
187.56737 0.92737 0.05632 0.01632 3.43632 0.25526
188.59579 0.93105 0.05105 0.01789 3.42789 0.27211
189.67053 0.93263 0.05684 0.01053 3.53947 0.24684
190.68368 0.93789 0.04947 0.01263 3.43579 0.25211
191.73211 0.94316 0.05053 0.00632 3.45053 0.24421
192.78368 0.93105 0.06053 0.00842 3.48842 0.25895
193.82000 0.93421 0.05053 0.01526 3.42105 0.24316
194.90053 0.92421 0.06474 0.01105 3.48789 0.26421
195.96316 0.93211 0.05158 0.01632 3.49421 0.26737
197.09684 0.87684 0.10895 0.01421 3.45684 0.24684
198.14789 0.93895 0.05263 0.00842 3.64579 0.24263
199.24158 0.94158 0.04737 0.01105 3.52474 0.24053
200.32632 0.93684 0.04947 0.01368 3.61105 0.26211
201.41263 0.94211 0.05263 0.00526 3.67632 0.23105
202.49684 0.94211 0.04789 0.01000 3.60000 0.24368
203.56211 0.94158 0.04789 0.01053 3.67947 0.25368
204.63632 0.94053 0.04947 0.01000 3.55368 0.23474
205.73684 0.95105 0.04211 0.00684 3.69684 0.23737
206.83632 0.94316 0.04895 0.00789 3.76895 0.23158
207.89842 0.94789 0.04000 0.01211 3.66474 0.26000
209.10263 0.90368 0.08105 0.01526 3.72421 0.24526
210.17105 0.94947 0.04158 0.00895 3.84368 0.23105
211.26158 0.95579 0.03789 0.00632 3.97053 0.24632
212.36947 0.94000 0.05263 0.00737 3.85158 0.23421
213.45158 0.95632 0.03211 0.01158 3.89053 0.23789
214.55579 0.94789 0.04474 0.00737 3.88368 0.22789
215.67053 0.94947 0.04316 0.00737 3.90684 0.25947
216.76158 0.96895 0.02474 0.00632 3.89105 0.22368
217.89421 0.95895 0.03526 0.00579 3.86526 0.22632
219.12579 0.92368 0.05579 0.02053 4.03421 0.23368
220.24316 0.95737 0.03474 0.00789 4.03579 0.22053
221.40421 0.95842 0.03158 0.01000 3.99895 0.22579
222.51632 0.96263 0.03158 0.00579 3.89579 0.22684
223.67368 0.95947 0.03368 0.00684 3.99105 0.22842
224.81053 0.96632 0.02632 0.00737 3.96842 0.21947
226.11474 0.93474 0.05158 0.01368 4.18263 0.24053
227.28947 0.96579 0.02842 0.00579 4.21053 0.21368
228.42474 0.96421 0.02842 0.00737 4.22053 0.21684
229.54000 0.96895 0.02526 0.00579 4.09474 0.22368
230.68316 0.96316 0.02842 0.00842 4.07316 0.21053
231.82579 0.96263 0.02842 0.00895 4.03105 0.22421
233.15105 0.93000 0.06211 0.00789 4.35158 0.20842
234.32368 0.97105 0.02474 0.00421 4.34947 0.18947
235.45474 0.97000 0.02474 0.00526 4.33105 0.22421
236.63053 0.96947 0.02526 0.00526 4.18211 0.21053
237.77000 0.96842 0.02526 0.00632 4.21895 0.19684
239.01789 0.94263 0.04684 0.01053 4.39316 0.22053
240.28053 0.97368 0.02368 0.00263 4.52579 0.19474
241.44105 0.97000 0.02421 0.00579 4.36105 0.20895
242.64316 0.97158 0.02579 0.00263 4.51368 0.20684
243.84474 0.94947 0.04158 0.00895 4.22895 0.21105
245.22526 0.97842 0.01947 0.00211 4.84947 0.18526
246.40947 0.97737 0.02000 0.00263 4.40842 0.19474
247.59737 0.97368 0.02368 0.00263 4.56158 0.21368
248.80526 0.95368 0.03684 0.00947 4.34158 0.23053
250.29895 0.97947 0.01895 0.00158 4.92316 0.16842
251.52684 0.97684 0.01895 0.00421 4.59105 0.19474
252.73632 0.98105 0.01421 0.00474 4.43842 0.20895
254.23158 0.95526 0.03789 0.00684 4.88053 0.21737
255.46684 0.98158 0.01579 0.00263 4.51526 0.19789
256.73789 0.98158 0.01263 0.00579 4.54158 0.21368
258.14000 0.96526 0.02684 0.00789 4.94632 0.19421
259.38421 0.98105 0.01526 0.00368 4.82368 0.19053
260.64632 0.98211 0.01579 0.00211 4.66684 0.20421
261.99105 0.96105 0.03421 0.00474 4.87737 0.20158
263.35158 0.98421 0.01368 0.00211 4.98368 0.18895
264.61316 0.98263 0.01632 0.00105 4.80000 0.19947
266.00421 0.96737 0.02526 0.00737 5.01421 0.20211
267.40579 0.98000 0.01789 0.00211 4.93789 0.18421
268.64000 0.98211 0.01526 0.00263 4.78368 0.19632
270.10684 0.97105 0.02474 0.00421 5.22000 0.20737
271.44842 0.98842 0.00895 0.00263 4.99842 0.18947
272.71105 0.98579 0.01158 0.00263 4.74105 0.21211
274.32316 0.97368 0.02316 0.00316 5.42474 0.19316
275.61211 0.98895 0.00947 0.00158 4.97158 0.19263
277.11053 0.97421 0.02053 0.00526 5.34368 0.17947
278.53316 0.98842 0.01000 0.00158 5.06368 0.16737
279.99474 0.97632 0.01895 0.00474 5.31789 0.17000
281.46105 0.98684 0.01053 0.00263 5.16211 0.18316
282.88789 0.97684 0.02211 0.00105 5.25263 0.17789
284.42368 0.98895 0.00947 0.00158 5.39211 0.16947
285.79053 0.98263 0.01368 0.00368 5.19158 0.18684
287.38474 0.98526 0.01105 0.00368 5.54316 0.15947
288.74474 0.97947 0.01789 0.00263 5.28368 0.18632
290.34842 0.98579 0.01263 0.00158 5.65947 0.17789
291.67474 0.99263 0.00579 0.00158 5.34105 0.18000
293.27684 0.98789 0.01000 0.00211 5.89000 0.17053
294.64842 0.99526 0.00368 0.00105 5.42842 0.18211
296.31000 0.98263 0.01579 0.00158 5.71895 0.17316
297.75211 0.98474 0.01474 0.00053 5.53789 0.16947
299.41579 0.99263 0.00474 0.00263 5.88579 0.16842
300.88947 0.98947 0.00842 0.00211 5.81579 0.16474
302.46053 0.99316 0.00579 0.00105 5.77526 0.16158
303.97211 0.98158 0.01526 0.00316 5.86842 0.18105
305.53526 0.99158 0.00684 0.00158 5.68947 0.15947
307.25158 0.98947 0.00842 0.00211 6.03842 0.16316
308.81526 0.99000 0.00895 0.00105 5.88053 0.15211
310.51579 0.99316 0.00632 0.00053 5.95684 0.15789
312.15105 0.98632 0.01316 0.00053 6.26737 0.15000
313.67421 0.99263 0.00579 0.00158 5.90105 0.15789
315.41684 0.99474 0.00526 0.00000 6.47158 0.15474
316.96421 0.99211 0.00737 0.00053 6.33158 0.14421
318.57632 0.99368 0.00526 0.00105 5.87737 0.16579
320.32000 0.99105 0.00789 0.00105 6.37737 0.15737
321.91000 0.99316 0.00632 0.00053 6.39316 0.16263
323.61000 0.99316 0.00526 0.00158 5.94263 0.16158
325.44368 0.99684 0.00263 0.00053 6.47421 0.15474
327.24368 0.99000 0.00947 0.00053 6.60000 0.16316
328.98368 0.99316 0.00632 0.00053 6.65368 0.14947
330.79737 0.99158 0.00789 0.00053 6.57105 0.16316
332.57053 0.99263 0.00526 0.00211 6.47684 0.15316
334.48632 0.99842 0.00158 0.00000 6.69000 0.12895
336.41895 0.99474 0.00421 0.00105 6.84105 0.13737
338.25211 0.99526 0.00421 0.00053 6.89526 0.12263
340.15105 0.99211 0.00579 0.00211 7.03474 0.14368
342.01632 0.99684 0.00316 0.00000 6.90895 0.15105
343.96474 0.99579 0.00368 0.00053 6.90053 0.12737
345.90421 0.99368 0.00526 0.00105 7.02316 0.13737
347.84105 0.99579 0.00316 0.00105 6.99000 0.13632
349.82053 0.99316 0.00579 0.00105 7.14158 0.12263
351.89263 0.99684 0.00263 0.00053 7.24368 0.15421
353.97105 0.99526 0.00421 0.00053 7.32053 0.14684
356.03368 0.99579 0.00263 0.00158 7.40105 0.14158
358.09737 0.99789 0.00158 0.00053 7.41895 0.12632
360.13316 0.99789 0.00211 0.00000 7.42947 0.12211
362.27158 0.99737 0.00263 0.00000 7.56211 0.13737
364.38316 0.99632 0.00316 0.00053 7.53474 0.13632
366.63316 0.99684 0.00263 0.00053 8.17842 0.11158
368.83526 0.99474 0.00526 0.00000 7.80211 0.12579
371.09105 0.99842 0.00158 0.00000 7.73947 0.12632
373.29684 0.99737 0.00263 0.00000 7.85789 0.13263
375.67579 0.99632 0.00368 0.00000 8.34263 0.10368
378.01105 0.99737 0.00263 0.00000 7.93158 0.12421
380.41158 0.99789 0.00211 0.00000 8.10158 0.11895
382.80526 0.99737 0.00263 0.00000 8.40789 0.11947
385.09105 1.00000 0.00000 0.00000 8.18421 0.11316
387.58684 0.99737 0.00263 0.00000 8.75737 0.11211
390.07158 0.99842 0.00158 0.00000 8.57368 0.10474
392.59053 0.99895 0.00105 0.00000 8.87474 0.10421
395.12211 1.00000 0.00000 0.00000 8.53158 0.11632
397.96000 0.99842 0.00158 0.00000 9.04842 0.11737
400.78947 0.99947 0.00053 0.00000 9.07895 0.11842
403.61632 0.99789 0.00211 0.00000 9.27211 0.10842
406.57684 0.99947 0.00053 0.00000 9.40526 0.10053
409.56000 0.99842 0.00158 0.00000 9.46421 0.10842
412.65158 0.99789 0.00158 0.00053 9.57842 0.10737
415.76368 0.99895 0.00105 0.00000 9.76316 0.10895
418.84105 0.99842 0.00158 0.00000 9.77211 0.11158
422.16211 0.99895 0.00105 0.00000 10.17895 0.10000
425.33579 0.99895 0.00105 0.00000 10.06895 0.09842
428.49000 0.99947 0.00053 0.00000 10.14211 0.08421
431.81684 1.00000 0.00000 0.00000 10.15474 0.10421
435.27158 1.00000 0.00000 0.00000 10.79526 0.08263
438.70158 0.99947 0.00053 0.00000 10.38211 0.07632
442.26579 0.99842 0.00105 0.00053 10.96053 0.09895
445.72105 0.99947 0.00053 0.00000 10.78263 0.10105
449.31421 1.00000 0.00000 0.00000 11.28789 0.07263
452.92737 1.00000 0.00000 0.00000 11.34632 0.09158
456.65263 0.99947 0.00053 0.00000 11.29105 0.07895
460.43842 1.00000 0.00000 0.00000 11.76000 0.08421
464.24368 1.00000 0.00000 0.00000 11.93474 0.08421
468.21368 1.00000 0.00000 0.00000 11.98579 0.07158
472.25211 1.00000 0.00000 0.00000 12.02684 0.07947
476.44000 1.00000 0.00000 0.00000 12.26263 0.06895
480.76000 1.00000 0.00000 0.00000 12.97684 0.07105
485.07842 1.00000 0.00000 0.00000 12.77211 0.06053
489.44895 1.00000 0.00000 0.00000 13.17842 0.06211
494.05053 1.00000 0.00000 0.00000 13.38474 0.06947
498.66684 1.00000 0.00000 0.00000 13.80947 0.05842
503.19368 0.99947 0.00053 0.00000 13.68053 0.06316
507.97737 1.00000 0.00000 0.00000 13.93737 0.05632
512.74421 1.00000 0.00000 0.00000 14.37158 0.06158
517.75632 1.00000 0.00000 0.00000 14.50947 0.04789
523.08789 1.00000 0.00000 0.00000 14.87158 0.06000
528.75211 1.00000 0.00000 0.00000 15.16158 0.06632
534.38211 1.00000 0.00000 0.00000 15.49368 0.05368
539.97684 1.00000 0.00000 0.00000 15.83947 0.05895
545.84316 0.99947 0.00053 0.00000 16.11895 0.05000
551.99947 1.00000 0.00000 0.00000 16.40316 0.05789
558.55211 1.00000 0.00000 0.00000 17.00526 0.05211
565.27368 1.00000 0.00000 0.00000 17.14579 0.05421
572.49947 1.00000 0.00000 0.00000 17.73684 0.04684
580.13053 1.00000 0.00000 0.00000 18.35632 0.05368
588.31000 1.00000 0.00000 0.00000 18.80789 0.03895
597.27895 1.00000 0.00000 0.00000 19.22263 0.04526
607.03263 1.00000 0.00000 0.00000 19.66053 0.03526
617.97474 1.00000 0.00000 0.00000 20.39632 0.04105
630.66316 1.00000 0.00000 0.00000 21.37368 0.03053
645.73211 1.00000 0.00000 0.00000 21.81263 0.03632
669.62158 1.00000 0.00000 0.00000 22.63053 0.02105
